8.59437 91.7966 0.03693039160726208 -542.4289649820307 1262.7045673446319 -0.021478854951903596 0.05
28.2146 119.747 0.027079959660664565 1106.0212886972652 928.4253787183146 0.05956436101650521 0.05
85.5805 139.65 0.005983038089175663 227.6119751058643 206.21982975402474 0.05518673334600163 0.05
53.6796 138.435 0.034573032629442224 -1536.1021502915285 1182.8882436643285 -0.06493014697369132 0.05
60.5963 164.105 0.033345310394937266 -49.492856338549444 1141.2736424483246 -0.002168316804038976 0.05
115.837 54.9281 0.049198281748054074 -2670.27280777315 1676.1402186363746 -0.0796554124196588 0.05
21.8107 122.737 0.014211209139268544 1071.570942482528 488.8500066350035 0.1096011995436679 0.05
121.939 70.8233 0.01568597733896504 285.8606126400959 539.3817763101111 0.026498912754863237 0.05
24.265 62.608 0.03060062403491659 1420.0181917108705 1048.1281529694463 0.06774067597019623 0.05
168.048 26.2631 0.039965815227519075 -1533.509948818204 1365.3057997757483 -0.056159944133764156 0.05
52.7977 87.8554 0.017987046897684156 -694.0454474079332 618.1473843172529 -0.05613915588872953 0.05
138.088 19.6169 0.02398950451605586 1378.885945505122 823.1475278243943 0.08375691470212894 0.05
73.4489 47.3513 0.016974600584238164 -380.80369042699635 583.5032623516512 -0.032630810742365915 0.05
119.374 63.1641 0.026810603132713773 69.34598674766033 919.2570701668967 0.0037718495183871777 0.05
166.965 119.639 0.018067969536365913 847.1953760376342 620.9156005259678 0.06822145999552826 0.05
128.841 16.4588 0.01637979150808455 -45.69636299278793 563.1412007704902 -0.004057273995426559 0.05
103.075 132.884 0.02329814626173099 -1196.7241393901245 799.5706552002151 -0.0748354214606876 0.05
98.5255 30.6778 0.04440989948892904 190.12533724972957 1515.1625893121125 0.006274090272254115 0.05
56.8791 157.317 0.0049301315478806895 -496.26663843460267 169.97077037825753 -0.14598587666873472 0.05
47.503 130.31 0.04000678932951396 1718.854748250912 1366.6894279601338 0.06288388250783523 0.05
161.958 47.786 0.04231548468349944 -1295.8732099292065 1444.5915764083368 -0.04485258086410533 0.05
149.49 30.6102 0.01422379945823482 125.60776443939662 489.2815690101854 0.012835938690016528 0.05
90.8909 37.8619 0.02642909514477787 194.38505976621545 906.2689209252413 0.01072446904434067 0.05
156.038 155.989 0.03311086816428643 2266.7104343234255 1133.323492904626 0.10000279922345963 0.05
34.4243 87.0456 0.010700883672796868 1084.3614879631377 368.41621457791507 0.14716527734880816 0.05
53.9504 96.1725 0.01074557269810894 334.00315984839983 369.95077936994556 0.04514156726703385 0.05
27.018 60.1407 0.03579788649921167 1986.0686358334035 1224.3743471581722 0.08110544950746307 0.05
124.802 127.822 0.02346473781298397 464.99083774430403 805.2526443079851 0.028872357081416736 0.05
70.8614 55.3257 0.03673269555706371 -828.0613859503127 1256.0153902049383 -0.03296382323051 0.05
127.077 56.0527 0.02255806826453144 583.4853370803014 774.3221469921492 0.03767716959581019 0.05
147.461 92.5256 0.0272188317899571 91.19558072003643 933.1517226653833 0.0048864283537704 0.05
167.725 122.826 0.040538506803926344 1463.3722491595615 1384.6413708816212 0.052843006136231906 0.05
111.804 55.4378 0.013036128770270716 -91.08772298527252 448.5589881206119 -0.010153371730094524 0.05
71.896 17.1084 0.036450004273741454 2582.5863779287088 1246.4489096665677 0.10359776312931936 0.05
157.857 20.0652 0.034099275861074974 529.0889119010824 1166.8335937353738 0.0226719951645939 0.05
3.3324 129.669 0.018399758324038062 1202.67026447567 632.264227450375 0.09510820099102196 0.05
40.4738 113.139 0.026765986292213384 -241.2733594792498 917.7382719454819 -0.013144998244858128 0.05
60.8354 85.1135 0.020765543308445045 106.7842154249738 713.1250717385859 0.007487060801595142 0.05
15.8521 27.4176 0.02759738735026862 635.0809202025182 946.0334607963982 0.0335654575932171 0.05
20.2692 122.201 0.01238201687656737 -29.51748959491733 426.12029029987525 -0.003463516085345862 0.05
95.9321 49.9803 0.014993201596244177 -268.8243253279297 515.6492286877145 -0.026066588522983523 0.05
34.65 149.074 0.027929178220653217 -2252.9698236506224 957.3215204635699 -0.11767048872773969 0.05
125.432 111.959 0.021086350478913163 -1266.457147584432 724.0819524120448 -0.08745261108674507 0.05
99.618 116.507 0.04252077822719724 683.077613371626 1451.513168589676 0.02352984554853609 0.05
39.9999 49.402 0.012000125200720246 406.0048621779127 413.01637553484886 0.04915118215980464 0.05
83.1995 38.4506 0.031560180803180016 -1570.0719391174764 1080.709815301397 -0.07264077354010162 0.05
109.52 99.6225 0.012123984272664146 89.62125523445295 417.2666533096043 0.01073908668756662 0.05
147.888 157.047 0.014695230120440828 388.89457073891003 505.4389084595973 0.03847097683121843 0.05
80.6824 149.508 0.024441439691415878 -399.46369740593065 838.5545443147125 -0.023818587598996452 0.05
112.558 120.348 0.023944794053345486 706.0053380733909 821.6230792901266 0.04296406441524086 0.05
59.5888 146.738 0.03977300851780097 -391.58595220628945 1358.7945482918824 -0.014409314222615387 0.05
36.8002 78.6238 0.03736554295190553 500.6115142087302 1277.4252900320225 0.01959455156067017 0.05
88.8769 32.8551 0.0335498915871808 -893.7858897848607 1148.2102495763593 -0.03892082874694028 0.05
115.635 81.7882 0.01689854669266544 -327.0109497782087 580.9000741670758 -0.028146919265511695 0.05
40.1899 112.966 0.044381422820652494 -863.1273707798362 1514.2037197699283 -0.028501031912369815 0.05
173.268 50.5165 0.020268739393159763 126.01242433157488 696.1533535236733 0.009050622516845328 0.05
102.766 97.7529 0.03901807358349507 1396.460522521931 1333.292046381736 0.05236889120847981 0.05
29.2091 49.4849 0.018020090544512257 1154.3514936879621 619.2777619289863 0.09320143275388064 0.05
142.544 15.6258 0.022309117982822535 -448.63165833794807 765.8266002327867 -0.029290681350163234 0.05
74.1942 121.732 0.03996990135267198 -1412.27637149205 1365.4437831401688 -0.05171492187851844 0.05
8.85572 144.015 0.03890545295467884 995.563539058174 1329.4865546554959 0.037441655034869833 0.05
95.8116 71.3245 0.02738921203854572 -1003.5756239895916 938.9498855814186 -0.05344138379484201 0.05
123.979 117.744 0.008905059931380688 -199.80268972953473 306.7214594387304 -0.03257070602349664 0.05
52.736 100.326 0.0243143229185947 -421.804768303083 834.2213796520849 -0.02528134489186781 0.05
97.1974 62.7606 0.020883350886437668 1083.091301791094 717.1489093935817 0.07551369650042082 0.05
28.4449 72.3198 0.03373028795055233 1759.7213397282321 1154.3261186824566 0.07622288499097515 0.05
152.531 50.7234 0.0262042865983092 1001.1545637973635 898.6141431223448 0.05570547556255511 0.05
140.208 89.8829 0.02965837472974986 547.81329678 1016.1159991836283 0.026956238127346002 0.05
35.5776 153.358 0.03314060318445522 -1454.6076949351657 1134.331897312789 -0.06411737598057078 0.05
127.016 106.63 0.025667633299252923 -905.0945317954013 880.3369749456166 -0.05140614091844285 0.05
44.4065 127.998 0.02692967965968851 -691.6377119636048 923.3103521071996 -0.03745423791605573 0.05
88.1238 113.841 0.020787753283032284 741.4681668976965 713.8836960317705 0.05193200033977933 0.05
76.9878 91.1119 0.01773719401197371 868.6221887759783 609.5996104463417 0.07124530379374615 0.05
163.505 111.768 0.03500750460961588 1808.920720497705 1197.6075048053094 0.07552226890861771 0.05
153.084 112.587 0.020208652833574536 -931.6371308841171 694.100373704513 -0.06711112442656071 0.05
117.231 147.161 0.029454668685781282 58.9482222161024 1009.1928971902665 0.00292056267836518 0.05
26.471 113.874 0.048342268703015945 -92.84174346117636 1647.4002812163794 -0.0028178258957387535 0.05
64.8095 80.8629 0.02863835631558853 482.7460672054772 981.4415506672048 0.024593724755045076 0.05
131.007 31.4382 0.0262670515769603 -642.4305550055444 900.7514037023536 -0.03566081342560031 0.05
30.3765 30.6627 0.04063724906520205 -315.8970880259716 1387.9744530200014 -0.011379787550795049 0.05
29.8965 149.384 0.04078348846920865 2032.8053243905376 1392.910431611184 0.07296970710597613 0.05
156.622 151.686 0.02659116152669072 118.67270036193881 911.7866980539653 0.006507700793136326 0.05
167.211 62.6008 0.04829674082566138 -562.7289876136578 1645.8712554205154 -0.017095170286265254 0.05
2.527 130.74 0.02804888902356395 -1475.7859889947974 961.393737326863 -0.07675242367909492 0.05
97.3284 49.1171 0.016935619315067152 7.956053724805138 582.1690166858747 0.0006833113319991441 0.05
50.4074 82.1823 0.029871725026038076 -663.0722151917175 1023.365972225107 -0.03239663195708951 0.05
60.8573 111.563 0.034188137303237776 1938.564562126639 1169.8452820275909 0.08285559603089966 0.05
41.1158 93.0419 0.023144062879558946 -1262.8668722679192 794.314811040028 -0.07949410326457323 0.05
68.2046 63.1255 0.014285950750562826 200.3429272156709 491.41190719012405 0.02038441929106121 0.05
176.161 71.5117 0.033668441749396205 -529.807430361191 1152.2294600898638 -0.022990534815863446 0.05
112.502 38.1228 0.014188655144350637 1027.8657444233045 488.07690908970477 0.10529751820674545 0.05
118.401 123.182 0.010774484423551334 198.50009663241002 370.9435531635864 0.026756105469350387 0.05
169.02 139.516 0.009154997933863651 449.59686548978976 315.31127961241714 0.07129412973148906 0.05
56.1164 102.318 0.019611828281365984 29.792845373728166 673.7049721742561 0.002211119600140204 0.05
83.5457 78.6609 0.03556788131732569 517.4696934867754 1216.5864082982446 0.02126728072733484 0.05
179.761 54.4794 0.022540739837763946 2322.90284031411 773.7308445266327 0.15011052336521874 0.05
91.6624 74.2794 0.020307916113497138 1343.9644210907334 697.491869543642 0.09634265858683545 0.05
34.5661 41.3877 0.020158727568760693 339.40091634336727 692.3945236973769 0.024509214380478577 0.05
172.035 109.219 0.006903316691830641 149.6071432404003 237.88782089580837 0.031444893369704324 0.05
157.24 177.056 0.043743323838969506 1108.7752250376157 1492.7128834683826 0.03713960123601696 0.05
101.461 124.238 0.024248733614111062 -132.76488773529206 831.9854447915613 -0.007978798701734131 0.05
152.611 98.0933 0.03625670052168717 -1553.5078622696158 1239.9063990976535 -0.06264617488062756 0.05
42.115 33.8852 0.0402950377216138 1784.5754230247696 1376.4220803271487 0.06482660546249776 0.05
147.437 130.287 0.013219558810940057 -260.95141442295454 454.8500292070976 -0.02868543450220829 0.05
176.44 130.603 0.023238637823611574 902.7428328260855 797.5408532793197 0.05659539753444588 0.05
112.947 67.919 0.02964093366926379 265.8594663221127 1015.5232844194991 0.01308977698497998 0.05
175.36 89.3076 0.02916107445431715 1839.4022767208962 999.2134101238266 0.09204251354537715 0.05
101.261 101.308 0.013771190970232494 -620.3119025046716 473.7655882884501 -0.06546612057089692 0.05
164.996 149.971 0.02235249795340155 -84.3228777036522 767.3070475009291 -0.005494728477881607 0.05
73.2946 100.263 0.032357082339530496 -1578.011647576586 1107.7542577550914 -0.07122570897513363 0.05
107.971 88.7983 0.023844306882657706 -127.04711262550495 818.1967264422622 -0.007763848749306279 0.05
1.40732 81.8762 0.023616839323953087 -112.42454417831321 810.4399506072382 -0.006936019386388646 0.05
135.131 35.18 0.025074069429416035 -447.16098006866616 860.115000630545 -0.02599425540426892 0.05
71.7195 94.3099 0.035802988935693 -39.26589987533119 1224.5471022638621 -0.0016032825443275714 0.05
117.854 128.413 0.035091252331848954 628.5679737932559 1200.4442996953228 0.026180638866492544 0.05
71.5271 83.6181 0.009826464420123138 670.7645117521382 338.38282667528745 0.09911326150067964 0.05
125.177 68.4106 0.03612638615558872 441.42232056689954 1235.4953676953958 0.01786418355377151 0.05
153.065 82.9447 0.030930728059010537 -368.1992539175012 1059.338917339883 -0.017378727803283686 0.05
174.667 82.5369 0.018680392441918547 18.399291254942167 641.8615519166556 0.0014332756962930908 0.05
171.607 41.5643 0.02592619913874472 -1814.5041702031615 889.1438334688052 -0.1020365941877064 0.05
77.949 98.6569 0.015973591914988816 -241.66897471507673 549.2320963170665 -0.022000623810554176 0.05
41.7715 25.9399 0.03181645123147159 31.35090778801647 1089.4082802244461 0.0014388961584520625 0.05
154.389 87.4982 0.03216332582849901 -306.2950147626617 1101.179940410235 -0.013907582381520416 0.05
23.7168 144.442 0.01960222593347205 -1282.3487123617722 673.3767748027611 -0.09521777111613222 0.05
43.8092 90.3016 0.024836829676851524 587.1039574139046 852.0306187163479 0.034453219433500146 0.05
31.8783 76.1593 0.03989338869689485 -857.5806874056514 1362.8599862411043 -0.03146253819407155 0.05
148.766 67.4389 0.03804465150772063 -1517.1061542739615 1300.390810647902 -0.05833270051785755 0.05
153.963 130.713 0.04134334570647802 81.54215337051782 1411.8028576309782 0.002887873222871446 0.05
103.41 108.206 0.030293798652058834 -836.5485646317345 1037.7059806831492 -0.040307590984539406 0.05
137.438 81.1207 0.03684047147880576 -2885.948005733995 1259.66216245177 -0.11455246064218003 0.05
35.3811 32.9526 0.02727727787028611 251.13360185802625 935.1407497764494 0.01342758306265988 0.05
47.3507 38.7031 0.02007584928995043 1080.700982920495 689.5626295239297 0.07836133634928891 0.05
149.027 113.213 0.0421562987216606 -529.2440905874364 1439.2238946042655 -0.018386440517406757 0.05
130.311 83.3166 0.021455253019154963 159.2985001674268 736.6790826123091 0.010811933169226453 0.05
114.568 24.9912 0.024649585623971015 316.46382205623905 845.6491593283249 0.01871129525556422 0.05
10.8156 46.6023 0.05187685396213371 -38.1003409384398 1765.9632377514583 -0.001078741055418336 0.05
142.735 71.2603 0.011326639741191746 -209.7782218492295 389.9007379074694 -0.026901490745448876 0.05
31.9478 32.0813 0.04492932677120809 231.02843293239462 1532.6496530434129 0.007536896396173675 0.05
97.1454 74.9703 0.06977166674350022 2300.6368277966494 2361.6980817024487 0.04870725952697175 0.05
69.2635 136.975 0.061269703982725465 358.0258825044162 2079.621511783671 0.008607957757595538 0.05
14.4082 100.636 0.02962031835722012 178.20982010845492 1014.8226883976968 0.008780342721240808 0.05
176.411 65.8299 0.02113129154658111 -905.7835937268387 725.6167189889389 -0.06241474114522479 0.05
72.4105 67.6178 0.025497579719932162 3236.7562509323393 874.5441668749078 0.18505390428127547 0.05
98.0107 30.3018 0.024711775391623503 355.3270573990804 847.7687226578702 0.020956603369671496 0.05
116.836 111.697 0.02986167263416717 970.7709610151264 1023.0243970019703 0.04744612952829007 0.05
34.6745 80.0941 0.038776112624328674 -116.1645806125801 1325.1157633188468 -0.004383186127136457 0.05
18.6879 36.3304 0.029282480062745586 317.4402237064779 1003.3402873596933 0.0158191706096955 0.05
152.85 25.0197 0.024448723059953492 291.10232330240757 838.8028107569072 0.01735225010987545 0.05
16.4076 130.309 0.01741838801852169 -1422.0510969991005 598.6911990652294 -0.11876332065841538 0.05
97.9414 27.9631 0.020963816208212194 -785.6901819057696 719.897133801216 -0.05456961453347868 0.05
54.0755 92.7097 0.023556143093190762 1039.5497331211318 808.3700052746143 0.06429912826663965 0.05
124.109 82.3835 0.017992703544226885 -277.55185449082217 618.3408918264689 -0.02244327183917785 0.05
168.903 127.007 0.041941631603023 2146.165884806928 1431.984536533135 0.07493676887052289 0.05
162.303 156.004 0.020723409230098744 -362.73004150954483 711.6858759035811 -0.025483858384080633 0.05
80.7968 45.8419 0.028577308458110462 1798.5393919375979 979.3656318898562 0.09182165135134483 0.05
85.4618 57.1841 0.04856993219994843 5124.080609502857 1655.0455167543473 0.15480180326253248 0.05
106.357 93.542 0.0187645990878873 -53.221435052575835 644.7410258719469 -0.004127349813097377 0.05
148.672 128.78 0.024646760841385396 -817.224541495471 845.5528827743512 -0.04832486282904437 0.05
14.2887 135.076 0.03762580195957166 1377.9772014189368 1286.2276673123051 0.05356661330020801 0.05
23.1763 108.886 0.022641606177107976 -506.27533877815046 777.1726526038759 -0.032571613082492144 0.05
6.83792 127.748 0.028272527176643525 1261.1288476928194 969.000498724414 0.0650736944590308 0.05
169.977 88.4533 0.024852684310461948 -158.30881016420386 852.5709287423925 -0.009284201749508482 0.05
118.471 133.105 0.022747447679579702 -1072.5531346923729 780.7840162422224 -0.0686843680442118 0.05
43.4783 80.5332 0.015629492607732498 663.4081818440834 537.4470925613525 0.06171846410801374 0.05
74.5005 74.0711 0.040108182460524944 563.9704960074752 1370.1131520824388 0.02058116496255418 0.05
177.286 140.137 0.0246449882562072 898.3782991690388 845.49246799517 0.053127516398772404 0.05
46.1351 73.6592 0.03953469036790813 -1118.3753192207644 1350.745230451458 -0.04139845523818623 0.05
177.055 159.969 0.021491550514864288 -443.71145664272666 737.9184151037156 -0.030065075458264746 0.05
150.875 3.48305 0.008749467685357448 717.7554077008357 301.3735589072339 0.11908068682325389 0.05
74.666 79.8924 0.023841659995397668 779.3079327768855 818.1064717907838 0.04762875980378382 0.05
55.8644 89.3627 0.030398364979134174 -281.1841676017655 1041.2580791630457 -0.01350213617683423 0.05
177.138 66.5998 0.032790694626682715 -1359.6626525788797 1122.4642861898515 -0.06056596496242149 0.05
137.359 84.2821 0.017420315265995967 305.1356382343619 598.7571482513638 0.02548075117979745 0.05
5.31688 96.4456 0.03837037937449672 -107.17753753148556 1311.402520008633 -0.004086370732716756 0.05
94.3725 16.8205 0.017323150527257303 1636.1272796043233 595.4321476606433 0.13738990127022896 0.05
123.983 77.4893 0.035397398249294554 -378.82157961708555 1210.813163279823 -0.015643271443752 0.05
100.514 130.367 0.029067743184136408 54.981242054814174 996.0406480212671 0.002759989874110049 0.05
79.8963 139.02 0.026413204945086033 -1281.417016752949 905.7278889675616 -0.07073962458049265 0.05
59.8277 114.656 0.024127230373317765 656.1116882899099 827.8431876221799 0.03962777601483105 0.05
66.989 92.6944 0.0322759935714223 -99.97007766520926 1105.002943004965 -0.004523520878295077 0.05
81.1301 128.205 0.029452188078540997 43.24681782665156 1009.10858675543 0.0021428228039215447 0.05
143.009 74.2141 0.01744485039628718 968.5611015992665 599.5967188914627 0.0807677119539569 0.05
26.8274 71.8762 0.03561238910265052 -251.91746010141895 1218.0935213817743 -0.010340645265712038 0.05
46.0047 138.076 0.031589753444560165 -3934.6502151282625 1081.7136538106083 -0.1818711542221672 0.05
158.122 123.819 0.026322734405389348 842.9850709653554 902.6474394840902 0.04669514552919826 0.05
178.156 118.844 0.0322029435561455 -2082.526234341924 1102.5242650001576 -0.09444355559565061 0.05
58.6635 86.8792 0.028671614823667868 450.3396160150962 982.5724674588345 0.022916356346712085 0.05
168.717 151.502 0.03581388601564006 835.5425579191159 1224.916046957205 0.03410611527192718 0.05
12.3273 42.2277 0.02516162569317837 109.48743299366673 863.0983647634444 0.006342697278987126 0.05
147.655 51.3727 0.047249802543354535 3391.0082409335346 1610.6975765003413 0.10526520590852881 0.05
1.49681 87.6017 0.012762671253271796 315.9614440957076 439.17920028264416 0.03597181331588144 0.05
65.1013 56.8107 0.02269498762208011 -648.5063996011987 778.9940803142185 -0.04162460383136765 0.05
100.43 117.902 0.049713838983994396 -2045.1189222440103 1693.4416067715517 -0.06038350876895339 0.05
110.315 56.9895 0.020938581914885734 1401.2501829446176 719.0352911976339 0.09743959720048499 0.05
60.5331 100.218 0.017165328812775105 99.37577491054374 590.0310820718456 0.008421232196920363 0.05
163.014 113.136 0.029967545551528918 555.0565261846843 1026.6218031851984 0.027033154977936624 0.05
6.38832 33.5452 0.01847313566237352 -326.01916243274843 634.7737784470804 -0.025679948786662736 0.05
26.0565 89.9403 0.031531970669398834 2015.3572316313637 1079.7522102594962 0.09332498755186684 0.05
81.8516 174.949 0.01237602895698564 390.27925241742867 425.9148455296307 0.04581658241239646 0.05
50.0759 161.828 0.014066372307178332 361.4658149592536 483.88518495428025 0.037350370108294034 0.05
123.704 94.0912 0.043285790749461484 2191.609831840126 1477.297887918208 0.07417630018169587 0.05
67.5026 114.919 0.026115272255700317 398.10739377819795 895.5829116913937 0.02222616067039143 0.05
116.782 101.243 0.05284859727223412 -1596.5555552613473 1798.5088669852473 -0.04438553472181585 0.05
77.3208 87.8488 0.018124170504922876 -49.51345636583333 622.838062319973 -0.003974825830441668 0.05
170.202 97.9475 0.038307583373371035 2957.1806755904777 1309.279784827046 0.11293157924916397 0.05
96.2853 49.5677 0.04218817972421607 513.1390317213246 1440.2989525305409 0.017813629275358504 0.05
38.2005 41.7087 0.03732863748336168 -66.13592312000411 1276.1769715788093 -0.002591173661368639 0.05
142.369 68.9334 0.017045892981804922 -434.86029832673233 585.9433771428694 -0.037107706588234146 0.05
53.1415 53.397 0.031844042543382356 744.2386442534921 1090.344718954903 0.034128593981123966 0.05
48.456 78.3098 0.022152178197859307 453.06036009232656 760.4703475666729 0.029788167384962063 0.05
22.8328 104.749 0.014079959917723261 926.9720906144785 484.35096680011134 0.0956921895643737 0.05
168.661 72.7265 0.03163844907735314 1375.4294768326506 1083.3665802606688 0.06347941231959124 0.05
26.367 135.811 0.05299481327573985 -731.8022131082644 1803.4040443111587 -0.02028946911305694 0.05
95.7754 21.1302 0.03690016613592473 1156.8741947327555 1261.681921924333 0.045846507532115416 0.05
116.841 91.8627 0.02038293850503048 400.53182680965557 700.0550121334035 0.028607167998772193 0.05
1.87213 73.8061 0.029628151477565368 2144.30874130801 1015.088892165193 0.10562172228750243 0.05
127.502 34.2037 0.01764834500328627 297.78715232117054 606.5596999140068 0.024547225307202936 0.05
67.8535 45.4625 0.018623174897053563 -141.87648495749008 639.904904141871 -0.011085747588366283 0.05
160.315 141.069 0.03873238035734361 1184.1397605496377 1323.6378400620204 0.04473050424782936 0.05
155.003 123.793 0.027007818104513692 1277.8324647886543 925.9699780950646 0.06899967034662682 0.05
45.6767 117.631 0.0212088723377879 388.99715279127906 728.2660634098922 0.026707076735795848 0.05
27.7524 31.9165 0.01885424923724055 1115.8930908705347 647.8064976471032 0.08612858121395571 0.05
123.563 24.0568 0.034297466853111525 -226.6486650228721 1173.5504495615519 -0.0096565369263652 0.05
45.6396 69.5489 0.03927346174010804 -1443.688809706502 1341.9206977827996 -0.05379188248947385 0.05
90.6553 167.296 0.026999945369494682 -2551.007042582999 925.7020164837163 -0.13778770042399888 0.05
170.515 140.714 0.017186725092777966 -128.01330821740885 590.7633446189917 -0.010834567630458694 0.05
128.413 38.6909 0.029386939103829057 -1303.3128751986794 1006.8908718499965 -0.06471966881594905 0.05
68.1783 103.466 0.04381629613751814 1852.6992902008556 1495.171006715835 0.06195610006745439 0.05
175.63 108.544 0.02080636189161611 -1520.3895297505742 714.5193015989664 -0.10639247437740412 0.05
39.0445 18.8132 0.035011671086186524 -1408.7166182521096 1197.7486397410282 -0.05880685527460485 0.05
89.2154 60.6553 0.0265646599107483 412.99609528152774 910.8844487739392 0.022670059623776936 0.05
30.4615 105.324 0.02114046313201623 417.4192294286184 725.9299298825144 0.02875065569318613 0.05
103.164 47.4262 0.02856424133867619 271.51235223851614 978.9212777280189 0.013867935982997015 0.05
174.188 87.9373 0.04567887752698452 920.7857139030192 1557.873512533773 0.029552646812943926 0.05
111.397 51.6582 0.01558983319636309 633.7874022495595 536.088665900998 0.059112180742000996 0.05
76.3982 69.2426 0.02655460660832376 -345.130460715128 910.5421798030947 -0.018951920535398077 0.05
96.2616 125.587 0.021926360053715177 -604.0265398153488 752.7624978968769 -0.04012065834196859 0.05
15.3362 65.9593 0.042158846504652736 -84.42918777060002 1439.3098091013587 -0.002932974792387258 0.05
12.4498 132.988 0.043474100325402 -76.05429277204294 1483.642885596904 -0.0025630929622745616 0.05
102.551 49.5763 0.031080693983259966 -969.1722940141648 1064.43122513763 -0.04552535998222204 0.05
172.326 74.9263 0.008319271468245182 129.74592013609654 286.5850374848071 0.022636548173415164 0.05
33.6361 97.1627 0.04910803971772704 -532.8066016762004 1673.1111996384996 -0.015922629703014394 0.05
163.885 71.364 0.031598171014247445 778.8312388018716 1081.9993835833436 0.03599037349829877 0.05
94.333 23.6836 0.03856310789289541 -1985.7728132755124 1317.9169255282382 -0.07533755636682443 0.05
50.3113 79.2254 0.008580535474736806 351.1639525886758 295.5666815295003 0.05940519932278403 0.05
14.353 7.60554 0.028100682425495016 284.33436162170443 963.1555113183482 0.01476056349573877 0.05
166.465 139.789 0.03014140880679661 -335.35066699252144 1032.528930246963 -0.016239286724504243 0.05
77.5465 150.673 0.03556369656487379 807.649350519436 1216.4447029728335 0.03319712554732844 0.05
4.1621 102.835 0.015404887061221118 483.5664193375699 529.7534575246657 0.045640704413435075 0.05
82.5111 100.966 0.03648879695248031 -2373.793376262729 1247.7617821539866 -0.09512205816100958 0.05
125.68 120.55 0.01741366291878821 -1462.2458472805158 598.5295088611057 -0.12215319592704024 0.05
118.458 131.899 0.015057272002747979 284.79000037794685 517.8444633023496 0.02749763882400234 0.05
10.7264 127.856 0.023776328873451158 166.8791501735487 815.8787414356726 0.010226957861403365 0.05
90.9508 132.612 0.01535824079459247 -599.5404614679834 528.1555228398453 -0.056757946811225944 0.05
26.6558 112.497 0.022839879505869964 164.63558886167425 783.9376597646776 0.010500553635291267 0.05
45.6875 91.0416 0.06032347019255324 -132.89565928417912 2048.118472138737 -0.003244335254332322 0.05
87.4357 138.558 0.03263431861129873 263.67703388370046 1117.1597721053358 0.011801223086774316 0.05
79.8946 115.985 0.023377289984188643 159.13428798099645 802.2701009778837 0.009917750130973867 0.05
159.345 57.6901 0.027581133164476856 -750.9694346476343 945.4804110366268 -0.03971364323795296 0.05
128.366 106.275 0.034082659538253735 -525.9205353271876 1166.270415823477 -0.02254710949500709 0.05
137.591 54.359 0.025858538397448783 -432.27575415260077 886.8394074154083 -0.02437170419684094 0.05
164.035 89.4584 0.01813931019253956 -487.8579716624513 623.3559343736989 -0.039131573532913765 0.05
177.117 88.7805 0.00943300883403575 -294.1188641882802 324.86465227224835 -0.045267908055105666 0.05
60.0765 45.2211 0.02822856122660955 169.21014749882863 967.5051327473224 0.008744664073168294 0.05
18.7823 150.715 0.02249174965648737 -914.8668554937484 772.0591086328952 -0.059248498286208075 0.05
23.0094 43.9446 0.040866440298459095 2612.871737901489 1395.7100762633643 0.09360367107532624 0.05
93.9444 126.394 0.03255923820347273 502.04156464984106 1114.6127509799521 0.02252089634756345 0.05
39.0895 58.3463 0.03504478054917248 21.10526770012822 1198.8701744870561 0.0008802148952099104 0.05
33.1651 166.039 0.028126328387218846 675.416193621521 964.0278495353094 0.03503094822141767 0.05
155.275 57.319 0.039267130810776374 2576.670268059732 1341.7068152493594 0.09602210552909994 0.05
76.6931 121.233 0.02199699217662765 -536.2522259218939 755.173488164125 -0.035505233851995874 0.05
71.4817 90.6038 0.023192578004685105 780.8111563123707 795.9697300509973 0.04904779207259204 0.05
156.404 162.11 0.025077018543066876 695.6516200751846 860.2154902175595 0.04043472990118124 0.05
3.74697 17.0821 0.035636157663784473 -746.0710153645105 1218.8983502951257 -0.030604316397009973 0.05
110.008 93.1513 0.027302631809354994 -555.0872558701876 936.0035697028966 -0.029651983915316787 0.05
171.046 46.3925 0.040035807908610055 -353.7684655756698 1367.6693158761013 -0.01293326030894584 0.05
94.63 74.3641 0.026634283381292922 -1728.1001881361365 913.2547548854603 -0.09461216483635354 0.05
21.7289 132.677 0.03639803955046772 690.7817184852669 1244.6902019558906 0.027749142613952497 0.05
61.5432 151.249 0.030081621716229856 2149.897673729936 1030.4976904372443 0.1043135609948687 0.05
49.1076 51.8941 0.03668088756287213 43.11028530911599 1254.262295827476 0.0017185514326839742 0.05
31.4236 126.586 0.01435816510354404 551.2002967983918 493.8870867275906 0.05580225841199338 0.05
122.304 97.875 0.012218399261512136 -368.4918449543473 420.5063640545341 -0.0438152518550895 0.05
176.966 157.593 0.017970301527135968 165.31659328299514 617.574540587791 0.013384343299324742 0.05
54.3263 134.351 0.015961480716661258 -849.5479961508587 548.8173381655586 -0.07739806462661175 0.05
51.4181 48.3619 0.009885945392203999 266.05031451167207 340.4262169359874 0.03907606131311845 0.05
51.067 23.9696 0.01565746869546558 503.08313069071363 538.4053212412005 0.046719739835682006 0.05
171.077 61.0477 0.03402872740513674 -1746.4458114951728 1164.442451692702 -0.0749906450489003 0.05
153.213 114.454 0.02831807046664192 -957.9346847986249 970.5494723948636 -0.049350121351098605 0.05
15.741 90.9553 0.01279577847345803 -132.9390968946971 440.3148717283619 -0.015095912655967431 0.05
32.2817 40.5436 0.014306041012013715 1225.1256991067619 492.10051932299734 0.12447921217317723 0.05
131.119 116.301 0.03321215929961152 -790.227918905052 1136.75850670591 -0.03475795053405707 0.05
170.81 11.1842 0.0180632542515764 359.1940775686838 620.754302527248 0.028932065078430692 0.05
158.281 38.684 0.03245687230583205 1199.297664145499 1111.139912728012 0.05396699598347822 0.05
27.3984 9.01528 0.025863257537443785 3378.9692417533483 887.0001373442545 0.19047174287200438 0.05
18.5759 84.1514 0.021818858258433105 -695.6221836665702 749.0927986719164 -0.04643097523430037 0.05
51.2096 126.026 0.01639373548827172 380.77732450304745 563.6186179431738 0.03377969715519927 0.05
91.8837 75.3973 0.013895114824661325 -471.3152084728957 478.01421459025823 -0.04929928798005466 0.05
84.5739 143.998 0.047962819613266205 -588.250297643903 1634.6552856888288 -0.017993099303380646 0.05
12.3259 108.347 0.02483657464650313 494.97672986811966 852.0219274976733 0.029047182583776365 0.05
108.649 107.938 0.03554893953529947 -765.9693814443673 1215.9449931435463 -0.031496876329254395 0.05
43.4514 73.7404 0.013400607923846675 362.656656619383 461.0588285208194 0.03932867501777021 0.05
77.1746 78.3922 0.05054535779346958 -433.3209065095957 1721.3334676400157 -0.0125867798034418 0.05
71.8536 30.6713 0.0357538041347516 347.7570627966806 1222.8818112619174 0.014218751951090956 0.05
56.0161 128.009 0.016626098752986485 -762.0238111265336 571.5738035562201 -0.06666014138378726 0.05
34.9265 93.0056 0.02709328733959926 -315.8617572254833 928.8789866041188 -0.017002309330962462 0.05
89.5461 107.916 0.03395263131167958 15.750517444408844 1161.8631644197465 0.0006778129269755665 0.05
48.549 125.927 0.042431395765712754 -1096.4310397490449 1448.4996997314527 -0.03784712692561551 0.05
145.279 98.5922 0.018279092402661234 -902.5809715533054 628.1371607528779 -0.07184585055208981 0.05
39.5503 82.846 0.04368962961588729 -772.5923190915956 1490.904080853564 -0.02591019533091879 0.05
10.4367 140.861 0.0189685130220949 345.2170691267314 651.7133848067296 0.026485344414792715 0.05
93.9632 74.2278 0.0190388968654005 5.631837410422704 654.1198160224076 0.0004304897415177665 0.05
166.565 171.562 0.027906628927127697 387.3316220753258 956.5544264988926 0.02024618836865391 0.05
109.186 135.049 0.042459560135452046 -453.89396006818754 1449.4492611387739 -0.015657462880473007 0.05
85.4667 28.462 0.03680936703208637 -1266.6291432001105 1258.6097184826874 -0.05031858266306298 0.05
78.2528 146.376 0.01966452228411808 -1288.5208705170355 675.5059628249484 -0.0953745001101452 0.05
36.9247 160.404 0.018735865054513523 158.222621180499 643.7584709295808 0.01228897391843459 0.05
59.55 69.5053 0.029934554370090627 1069.9088618611313 1025.5008355686707 0.05216518723106818 0.05
53.7899 70.8151 0.0160061826465836 152.55652397878563 550.3481800704733 0.01386000076889965 0.05
150.184 90.0726 0.029933089419205805 1764.529253124487 1025.4510592577437 0.08603673657530343 0.05
105.293 79.3782 0.02134660406728095 949.8673986628725 732.9692511251108 0.06479585584284894 0.05
175.671 130.519 0.026251637655321902 764.1988879502609 900.2265390783651 0.042444809988196594 0.05
37.5211 49.5952 0.028544603375943556 1458.2571908506065 978.2534722197137 0.07453370891399633 0.05
24.4594 56.1682 0.021790181667747266 -1202.4819118625946 748.1138526642193 -0.08036757423888476 0.05
35.4826 109.337 0.023815548092984917 -1373.794539453887 817.2160901439357 -0.08405332176046126 0.05
17.0914 51.887 0.025315462305021574 -556.7706921158859 868.3397821863618 -0.03205949465507689 0.05
156.983 83.3199 0.028863024561607276 187.16260992460116 989.0807022089227 0.00946144280778147 0.05
124.512 140.817 0.01938586030364542 167.21900735797283 665.981186399607 0.012554334174361859 0.05
32.8632 133.594 0.01354023887340805 114.76310296744481 465.8468592103419 0.012317685597578142 0.05
88.4583 44.9283 0.019580945902491376 -58.758446114386786 672.6494413174146 -0.004367687126841709 0.05
103.977 49.0882 0.035422682579184794 477.2288155738984 1211.669431216493 0.019693028613207226 0.05
127.557 110.409 0.020031010397682847 -1119.938933000902 688.030461516512 -0.08138730736807825 0.05
73.4054 84.3621 0.04532154862069304 1130.9402129235289 1545.850248446716 0.03657987615747087 0.05
15.3552 95.7117 0.02745546774908747 652.0393678587953 941.204459937308 0.03463856131229056 0.05
46.1389 78.9755 0.031443599150320134 941.5771219587493 1076.752296210268 0.04372301434938748 0.05
62.4105 91.0215 0.01858503543533896 -21.107255457766385 638.6006290099565 -0.001652617809857912 0.05
160.412 19.5438 0.01271808813810682 286.5661809663239 437.64984260671986 0.032739207588820894 0.05
163.733 67.9867 0.016256480994330857 300.68201806926754 558.9191134304147 0.026898527071637035 0.05
176.969 56.0778 0.01234823638773852 142.44656456155352 424.96127771863206 0.016759946379852023 0.05
124.373 89.5002 0.008312462042953772 519.6228985143022 286.3509299562778 0.09073183359202676 0.05
31.8575 151.734 0.021997514796673334 -1853.5013337201765 755.1913271699246 -0.12271733447113083 0.05
111.336 102.96 0.02026524088325088 437.09485547417046 696.0338216578618 0.03139896667902341 0.05
73.8928 171.554 0.026992645486933586 1268.6750092941684 925.4535517626863 0.06854341889324199 0.05
168.829 59.3944 0.022393962536448653 -626.8911826963193 768.7220939248707 -0.04077489040906812 0.05
23.0076 155.078 0.011684369497495073 217.90685939085688 402.1798674722569 0.027090721964829395 0.05
15.47 44.3812 0.03668157677092765 -373.2787558764763 1254.2856178272766 -0.014880133781773112 0.05
99.8902 138.623 0.014978087048171052 -873.8186548970933 515.1313504641619 -0.08481513055939369 0.05
80.282 49.9344 0.03657877101959417 2003.647011065943 1250.8066798960895 0.08009419214296151 0.05
18.6034 139.264 0.02663846903593159 -5.294999985756644 913.397250953843 -0.0002898519773421246 0.05
147.848 109.531 0.040117042539767445 648.4393885052666 1370.4123183009444 0.023658550782337192 0.05
71.9279 145.343 0.026924814102035288 -1468.3221964320874 923.1447374044643 -0.07952827638710572 0.05
158.159 54.975 0.03406527329835041 1348.6298768451888 1165.6811369365273 0.05784728919906265 0.05
177.347 123.429 0.017935718786080024 660.5640740408976 616.3914804579102 0.053583160619787615 0.05
150.739 139.781 0.055097781095095666 -1405.5422670568855 1873.7544993679803 -0.03750604114709202 0.05
12.986 106.329 0.01879661525891896 855.0592368098577 645.8357948624259 0.0661978821560982 0.05
130.629 92.1681 0.022973632422349732 273.1010077057839 788.5008307561192 0.017317737474283855 0.05
151.239 72.1831 0.01358280358258801 -820.16433458849 467.30636033809145 -0.08775445876609825 0.05
61.8367 143.602 0.02809837700913187 281.1869208827696 963.077092763315 0.01459835993378122 0.05
11.3649 63.6227 0.03164256328075421 -45.477059697375594 1083.5062307228338 -0.0020986062842959716 0.05
3.76245 146.404 0.032659679449471124 620.557415615065 1118.0200847634417 0.027752516438305615 0.05
8.0345 66.8108 0.02215483143356467 -37.428133485285755 760.5609046758652 -0.0024605612289022947 0.05
129.453 82.3858 0.01929927518916963 -475.0640169190284 663.0213780633156 -0.0358256937586756 0.05
129.892 82.6082 0.0427858959557188 -680.9629053099692 1460.4504042464885 -0.023313455333024764 0.05
47.2747 38.7507 0.025008963803268003 -197.78007312458772 857.8965155037815 -0.01152703557773781 0.05
33.3873 35.8965 0.019477754081742793 -876.9844146478968 669.1223121416723 -0.06553244442267336 0.05
6.28569 115.063 0.024492313206179395 -686.8373556147588 840.2886361440906 -0.04086913270459734 0.05
140.549 59.5567 0.016064468815209176 488.2310196235916 552.3441672036627 0.044196268252034335 0.05
56.5554 62.1565 0.018929332696173473 -383.5394164108838 650.3737653395699 -0.02948607684157064 0.05
136.156 107.384 0.03413799128259365 -2475.9210134035957 1168.1457553405894 -0.1059765445400992 0.05
159.457 139.622 0.03703110935639953 -969.9047439640908 1266.1121016733841 -0.03830248295874415 0.05
50.2048 168.521 0.019143945244908922 -449.9344425146985 657.7112601497902 -0.03420455675429887 0.05
40.3358 35.0952 0.00994592553631879 626.1528074193582 342.4866940889897 0.09141272029339953 0.05
61.138 12.6571 0.029125448031820822 -1807.951094720124 998.0023236570989 -0.09057850126515905 0.05
79.388 58.1143 0.05264663850722595 -3282.9634715172233 1791.7466594275068 -0.09161349497272638 0.05
128.913 51.512 0.023034490416235398 351.091249489264 790.576974228472 0.022204747983704923 0.05
2.65008 147.91 0.01218329200107382 589.6467237734618 419.3017285718736 0.0703129373901912 0.05
63.6074 116.119 0.04014630473969483 986.3215568744002 1371.4003630924244 0.03596037974827078 0.05
100.91 86.9475 0.019200016839057366 -1132.1264940086808 659.6281785249248 -0.08581550416329752 0.05
107.77 141.62 0.018681179156770922 -710.4484111933053 641.8884544982261 -0.05534048838350532 0.05
157.122 82.3633 0.011647050849058704 -540.8222606513739 400.8990032814589 -0.06745118548869018 0.05
2.73542 53.133 0.01968061148554301 716.7988286262972 676.0558538000319 0.05301328467147011 0.05
20.4203 112.801 0.0330235994000998 -1276.490944319118 1130.3638400784682 -0.05646371986875066 0.05
108.191 81.5779 0.050760262825199076 -790.1060429003007 1728.5395163094165 -0.02285472896180142 0.05
109.098 112.431 0.04204675107412803 271.56441061105994 1435.5296740197944 0.00945868328345386 0.05
171.184 24.9183 0.029310596675639067 682.9429788780036 1004.2959984341666 0.03400108035593113 0.05
19.657 151.378 0.016962163699936195 845.9778934974776 583.077577356346 0.07254419706320321 0.05
78.37 38.7528 0.049248821867799775 -656.6999116242108 1677.8365423144846 -0.01956984172958615 0.05
90.3106 48.2205 0.02188966831151773 -1262.6080703603068 751.5100071659807 -0.08400474100948621 0.05
161.765 108.253 0.023509808982141722 860.3041450080092 806.789808694077 0.05331649803562554 0.05
166.596 86.4983 0.0291777661749848 -2095.119910983508 999.7808205846137 -0.10477896094057913 0.05
76.316 110.751 0.017786836588281618 -813.9533004407959 611.2980353959312 -0.06657581517611186 0.05
53.0409 115.729 0.024695158470565692 830.0439604232039 847.2023889932818 0.048987347722752116 0.05
40.9632 39.2431 0.04133868866457657 -4.9899275754397285 1411.6457334367728 -0.0001767414960158354 0.05
116.684 75.0955 0.043897189981528584 -1010.8468360266005 1497.8958356514936 -0.033742227328742914 0.05
146.108 154.774 0.022890859493542415 -1358.2801024465473 785.6769549987173 -0.08644011344642055 0.05
178.046 109.36 0.016666175663539562 -166.86864711900046 572.9457766888962 -0.014562342014575007 0.05
61.1368 56.7436 0.033374463435910995 2402.0004410264514 1142.2621692990517 0.10514225654958166 0.05
95.6848 54.7767 0.010622916510746094 322.1037914945878 365.7388378217867 0.044034671490307944 0.05
178.717 115.082 0.018383337872813765 429.9433334954222 631.7026240809392 0.03403051666287951 0.05
160.118 107.509 0.023701445661318266 -128.91095836163217 813.3251924086015 -0.007924933320943376 0.05
137.43 149.881 0.01928577500220552 -845.2668574346438 662.5598777670792 -0.06378795983566897 0.05
114.221 64.0462 0.017621240684477124 -886.9805564840323 605.6323145418837 -0.07322764449540375 0.05
122.568 133.483 0.006102619861551473 17.560677960978026 210.33558930363643 0.004174442855609131 0.05
83.3083 36.4175 0.012405893841636706 792.6823495766066 426.93949971568594 0.09283310048665933 0.05
80.3913 94.5243 0.022049589354783183 -784.3635292819249 756.9688034196973 -0.05180950164250287 0.05
3.12253 161.117 0.027340903117205384 497.8181865439478 937.305956504097 0.02655579979458777 0.05
54.7479 120.85 0.05375566944317889 2400.967229538929 1828.8688061257558 0.06564077263215773 0.05
81.3566 70.8631 0.01836344431006265 -1320.0928692538282 631.0222285545735 -0.10459955367005436 0.05
6.02028 100.581 0.025615439085246106 374.58856766667213 878.5590598082168 0.02131834869180236 0.05
74.6865 43.6272 0.012011188400451234 746.8780247742212 413.3960249577967 0.09033444683587238 0.05
168.659 35.4753 0.03694441781591351 -102.18785306386583 1263.1791220540374 -0.004044867876604057 0.05
114.637 155.905 0.03428908902302541 1391.4852801725626 1173.2665345224011 0.05929962370992672 0.05
128.975 89.401 0.007150344888816607 318.5572696469173 246.3859842141654 0.06464598030260087 0.05
89.6563 39.7178 0.015262041360245115 414.1329942273563 524.8599495512701 0.03945176180630852 0.05
8.39117 108.59 0.03735579432214253 624.951445414553 1277.0955478185128 0.024467685541699362 0.05
67.0963 18.6558 0.05489727698138669 -915.692631900235 1867.0514961766032 -0.02452242570104291 0.05
172.699 79.2828 0.018968645674363627 72.70314048067542 651.7179202887417 0.005577807377804228 0.05
51.6014 109.913 0.02711299094122932 -154.5630763210807 929.5495927425213 -0.00831386929367918 0.05
84.033 152.972 0.018972172557082834 120.24480139502533 651.8385069728497 0.009223511660383831 0.05
36.1065 71.6359 0.02588056516298698 1112.560888948593 887.5896167395636 0.06267315817840625 0.05
172.926 70.6192 0.036110018937264954 567.5899595877071 1234.9413259064288 0.022980442377337415 0.05
103.917 135.004 0.03619635187608172 -525.2331997907188 1237.8636927517423 -0.021215308392442532 0.05
116.375 52.9732 0.05149672052840071 -657.4221780360259 1753.2258833597566 -0.018748929737912298 0.05
97.7104 34.1585 0.01105708166824404 776.2027506367123 380.64664386741015 0.10195843877019514 0.05
132.906 82.3714 0.045056929159518644 204.1831051639358 1536.9446062922482 0.006642500462541415 0.05
114.838 71.378 0.03293088427068991 -39.249480237481926 1127.2193060289871 -0.0017409868704143985 0.05
78.5171 65.4462 0.008541771905115514 874.1891056421726 294.2341539383506 0.1485533025213207 0.05
48.7528 21.8099 0.00811416934752529 702.6135027959645 279.5332982959781 0.12567617294237637 0.05
25.7668 99.2583 0.026176250218685748 304.5853926986038 897.6594288821764 0.016965531854207405 0.05
39.3495 46.2339 0.03690727697326501 2969.53951763428 1261.9225109844901 0.11765934484034168 0.05
101.084 76.7307 0.02639565777113706 -412.14884156575727 905.1304343229443 -0.022767372852402917 0.05
167.991 67.0863 0.030599217654245114 -1218.856208577227 1048.0803857131243 -0.058147076559776724 0.05
11.5538 18.5791 0.029150644489130073 -1049.6771181496513 998.8588559795802 -0.05254381596888549 0.05
171.296 112.916 0.03602204269821341 -1517.8322057157723 1231.9631721740607 -0.06160217448047716 0.05
78.895 82.2323 0.02134493604515919 494.0589234005108 732.9122945669075 0.03370518730978992 0.05
101.561 62.1117 0.031108523941857147 -318.9514048579028 1065.3761809437958 -0.014968957001429768 0.05
130.482 116.474 0.02577504222321858 -1305.8286437730333 883.9955259624556 -0.07385945999847139 0.05
70.5112 51.8576 0.03565247582860698 -253.69748592455912 1219.4508939604182 -0.010402119805768653 0.05
43.0207 138.862 0.03131340858114129 290.98289999373935 1072.3324768424286 0.013567755629791355 0.05
122.477 69.1412 0.01646119985856309 -987.660620897166 565.9284284784893 -0.08726020563700189 0.05
162.276 142.946 0.018562516239075455 -441.1508436154189 637.830515618475 -0.03458213685399288 0.05
58.0549 7.48796 0.024687062625895706 422.921045231915 846.9264665366667 0.02496799084348872 0.05
178.19 141.094 0.01997100376713168 -879.8234900393037 685.9799451393242 -0.06412895131071283 0.05
157.059 83.29 0.025181879134177798 1130.1795310064492 863.7884527515288 0.06541992587457919 0.05
119.004 104.409 0.030860208982409265 230.65042666986568 1056.9441830776534 0.010911192396094577 0.05
158.079 23.005 0.02848992777485737 -1450.640942005982 976.3941416333071 -0.0742856229954103 0.05
149.195 8.32052 0.02191970685867406 1456.6648508247338 752.5353897009251 0.09678381048655041 0.05
11.4304 55.1914 0.015512622582550373 -800.7629701113345 533.4439421201041 -0.07505596248115647 0.05
31.3348 47.5561 0.016176416685621975 -864.4384381352278 556.1776055458637 -0.07771244558532879 0.05
67.4056 99.7756 0.01369991066465115 415.4660914660494 471.32167855144735 0.04407457903728685 0.05
133.671 117.778 0.028144242549258847 -526.1899002065333 964.6371855773033 -0.027273979692770504 0.05
92.3623 23.4154 0.01662710290028291 97.49857588737365 571.6081793956456 0.008528444781043695 0.05
22.377 64.7513 0.01780186293666719 -625.4631611481412 611.8121239684125 -0.05111562329716382 0.05
136.963 39.578 0.025774369508503314 -542.1475264301943 883.972612730444 -0.030665402899507883 0.05
140.229 145.252 0.018479525013044285 -419.8848570210729 634.9922935326313 -0.03306220101390062 0.05
29.995 94.8792 0.013752448382599036 -910.5557280470349 473.12299047489233 -0.09622822673794335 0.05
89.3874 105.828 0.025488539163553536 891.2628347834685 874.2361880589091 0.050973801299758835 0.05
87.4573 76.9366 0.01714404866797281 1352.6768643290436 589.3027858025733 0.11476925758011043 0.05
34.4526 7.57057 0.012407158324954537 -386.95437876892845 426.982883368923 -0.04531263357863821 0.05
104.663 93.149 0.02503702705603983 -473.2237758515234 858.8527856725154 -0.027549760782400595 0.05
129.2 134.29 0.030275282706385243 1078.3637983541796 1037.0769744319734 0.051990538067090905 0.05
32.4264 115.523 0.02251348334129699 -36.41908459632002 772.800752312605 -0.0023563049393608877 0.05
137.643 120.195 0.03588715352012972 2428.113203582953 1227.3966153145586 0.09891314564855115 0.05
141.775 75.4188 0.0064907095678119475 507.3224836598005 223.6912095687659 0.11339794814418987 0.05
16.1781 69.3543 0.007537344313450767 178.818331631532 259.6973278488534 0.03442821940309032 0.05
144.927 109.11 0.02668925531837174 -1306.278810451987 915.1261872892931 -0.07137151294518912 0.05
149.894 99.3924 0.025552529200218332 1584.1642514108453 876.4160610867873 0.09037740873018832 0.05
27.4232 49.8004 0.038150909270325384 137.93371772807865 1303.9832589423438 0.0052889374454069375 0.05
15.2434 100.096 0.02414273754381946 1524.3510895567497 828.371869988637 0.09200886369896046 0.05
122.929 66.8589 0.024036754332345422 -815.7370612149017 824.758516201552 -0.04945308506614768 0.05
88.3449 18.3735 0.014596029594938775 802.2634322807387 502.03934003687306 0.07990045483505488 0.05
84.7654 145.368 0.04024514052512784 1461.6085771417138 1374.7374391936191 0.05315955379810747 0.05
69.2579 105.535 0.03926358536683483 -611.1667664906798 1341.5870364822879 -0.02277775313382542 0.05
77.1217 76.6084 0.03872859976345033 -281.85661614246277 1323.5100737238522 -0.01064807218842792 0.05
152.007 150.062 0.019013090747647565 -555.305152473734 653.2375127562282 -0.04250407712584626 0.05
108.379 73.7958 0.027312789166473284 2448.170575681792 936.3492311614046 0.13072956618147663 0.05
10.0277 146.416 0.02333480518820541 1639.2563639736934 800.8210382565708 0.10234848272358331 0.05
37.686 134.963 0.0062344784164010125 227.8644028848292 214.87361612884723 0.05302289015050413 0.05
111.161 64.6575 0.022956950046375546 -466.9095459422858 787.931706492222 -0.029628808061355434 0.05
110.39 41.7599 0.02257589042863395 -515.4849475363927 774.9302913984847 -0.033260085020429285 0.05
60.8164 53.6945 0.033059929763683105 1154.1712896512556 1131.5959754118658 0.05099749887459493 0.05
127.989 59.2085 0.035346443239355096 849.0376861746637 1209.0875027868135 0.03511067992257489 0.05
52.4208 33.9441 0.017468598924188727 31.244922916274923 600.4093621671007 0.002601968330698607 0.05
135.862 108.317 0.011008878319229476 -589.500106419675 378.9916603208201 -0.07777217392074771 0.05
92.2842 46.3345 0.03161278825524794 -591.467713834339 1082.4955543521105 -0.027319637085638705 0.05
171.273 114.853 0.05145720310749069 823.950620403812 1751.9015591853295 0.02351589380361549 0.05
62.9938 80.8161 0.04666888843823913 2753.7380154866128 1591.1701425940405 0.08653185293551544 0.05
84.1505 126.441 0.021368543105421134 -827.7464023451333 733.7183802318656 -0.056407637088466675 0.05
91.6744 143.114 0.028282760492972736 -363.74464514179 969.3485478374336 -0.018762324756832077 0.05
114.748 92.1018 0.008123003625917224 -490.95980778036176 279.83704957217503 -0.08772244571098767 0.05
80.115 104.853 0.025420318062463032 -96.80008020451201 871.9120922085715 -0.00555102292246661 0.05
113.58 95.9055 0.015547100641184253 -153.31148860949025 534.6249451486266 -0.0143382281355081 0.05
41.8405 75.4372 0.03249948450871276 -642.1564228780888 1112.5855891501162 -0.028858742605529362 0.05
153.571 134.364 0.03920314841066319 -1165.0691149180466 1339.545201603297 -0.043487487899758044 0.05
175.573 145.635 0.014049177005942548 -79.4830294415357 483.29572713644694 -0.008223022155862719 0.05
25.8176 116.495 0.007914171708685469 276.2321395818964 272.65637549344507 0.050655727210115666 0.05
165.583 127.3 0.009771766029896156 -233.63776119109957 336.50368212051575 -0.03471548360463769 0.05
142.035 108.992 0.013341637819781038 220.88863568980184 459.0366037594702 0.02406002417680235 0.05
73.327 134.475 0.030068429320909917 791.8408097895247 1030.0494749488987 0.03843702798007874 0.05
56.8788 61.474 0.04535871865875385 4046.8266465464294 1547.1010637896277 0.13078740430291344 0.05
115.388 45.2117 0.01646250579831321 610.6078523888594 565.9731397572909 0.05394318294422148 0.05
